{
  "accessors": [
    {
      "bufferView": 2,
      "componentType": 5126,
      "count": 595,
      "max": [
        3.1820733547210693,
        4.6364650726318359,
        8.2933769226074219
      ],
      "min": [
        -3.2783858776092529,
        -2.2095379829406738,
        -0.00013664350262843072
      ],
      "type": "VEC3"
    },
    {
      "bufferView": 2,
      "byteOffset": 7140,
      "componentType": 5126,
      "count": 595,
      "max": [
        0.99872511625289917,
        0.99952638149261475,
        0.99979960918426514
      ],
      "min": [
        -0.99965512752532959,
        -0.99903601408004761,
        -0.999889075756073
      ],
      "type": "VEC3"
    },
    {
      "bufferView": 3,
      "componentType": 5126,
      "count": 595,
      "max": [
        0.99330669641494751,
        0.99960726499557495,
        0.94286161661148071,
        1
      ],
      "min": [
        -0.98635023832321167,
        -0.99943119287490845,
        -0.99992507696151733,
        -1
      ],
      "type": "VEC4"
    },
    {
      "bufferView": 1,
      "componentType": 5126,
      "count": 595,
      "max": [
        0.75204998254776001,
        0.98782998323440552
      ],
      "min": [
        0.1062999963760376,
        0.0035699999425560236
      ],
      "type": "VEC2"
    },
    {
      "bufferView": 0,
      "componentType": 5125,
      "count": 2256,
      "max": [
        594
      ],
      "min": [
        0
      ],
      "type": "SCALAR"
    },
    {
      "bufferView": 4,
      "componentType": 5126,
      "count": 1,
      "max": [
        1,
        0,
        0,
        0,
        0,
        1,
        0,
        0,
        0,
        0,
        1,
        0,
        0,
        0,
        0,
        1
      ],
      "min": [
        1,
        0,
        0,
        0,
        0,
        1,
        0,
        0,
        0,
        0,
        1,
        0,
        0,
        0,
        0,
        1
      ],
      "type": "MAT4"
    }
  ],
  "asset": {
    "extras": {
      "author": "danisali9548 (https://sketchfab.com/danisali9548)",
      "license": "CC-BY-4.0 (http://creativecommons.org/licenses/by/4.0/)",
      "source": "https://sketchfab.com/models/18e5c6770de544c8931017dfe1ae0a02",
      "title": "Cartoon Bee"
    },
    "generator": "Sketchfab-3.18.6",
    "version": "2.0"
  },
  "bufferViews": [
    {
      "buffer": 0,
      "byteLength": 9024,
      "byteOffset": 0,
      "name": "floatBufferViews",
      "target": 34963
    },
    {
      "buffer": 0,
      "byteLength": 4760,
      "byteOffset": 9024,
      "byteStride": 8,
      "name": "floatBufferViews",
      "target": 34962
    },
    {
      "buffer": 0,
      "byteLength": 14280,
      "byteOffset": 13784,
      "byteStride": 12,
      "name": "floatBufferViews",
      "target": 34962
    },
    {
      "buffer": 0,
      "byteLength": 9520,
      "byteOffset": 28064,
      "byteStride": 16,
      "name": "floatBufferViews",
      "target": 34962
    },
    {
      "buffer": 0,
      "byteLength": 64,
      "byteOffset": 37584,
      "byteStride": 64,
      "name": "floatBufferViews"
    }
  ],
  "buffers": [
    {
      "byteLength": 37648,
      "uri": "scene.bin"
    }
  ],
  "images": [
    {
      "uri": "textures/BeeMaterial_baseColor.png"
    }
  ],
  "materials": [
    {
      "doubleSided": true,
      "emissiveFactor": [
        0,
        0,
        0
      ],
      "name": "BeeMaterial",
      "pbrMetallicRoughness": {
        "baseColorFactor": [
          1,
          1,
          1,
          1
        ],
        "baseColorTexture": {
          "index": 0,
          "texCoord": 0
        },
        "metallicFactor": 0,
        "roughnessFactor": 0.59999999999999998
      }
    }
  ],
  "meshes": [
    {
      "name": "Bee_0",
      "primitives": [
        {
          "attributes": {
            "NORMAL": 1,
            "POSITION": 0,
            "TANGENT": 2,
            "TEXCOORD_0": 3
          },
          "indices": 4,
          "material": 0,
          "mode": 4
        }
      ]
    }
  ],
  "nodes": [
    {
      "children": [
        1
      ],
      "name": "RootNode (gltf orientation matrix)",
      "rotation": [
        -0.70710678118654746,
        -0,
        -0,
        0.70710678118654757
      ]
    },
    {
      "children": [
        2
      ],
      "name": "RootNode (model correction matrix)"
    },
    {
      "children": [
        3,
        5,
        7,
        9,
        11
      ],
      "name": "Root"
    },
    {
      "children": [
        4
      ],
      "matrix": [
        -0.77832000000000001,
        -0.62769000000000019,
        -0.014750000000000003,
        0,
        -0.62782000000000016,
        0.77777000000000007,
        0.030310000000000007,
        0,
        -0.0075600000000000025,
        0.032850000000000011,
        -0.99942999999999993,
        0,
        -0.13025,
        0.41000000000000003,
        -9.1407099999999986,
        1
      ],
      "name": "Lamp.003"
    },
    {
      "name": "Lamp.003"
    },
    {
      "children": [
        6
      ],
      "matrix": [
        0.26544000000000001,
        0.77739000000000003,
        0.57027000000000005,
        0,
        -0.31245000000000006,
        0.6289300000000001,
        -0.71191000000000004,
        0,
        -0.91209000000000007,
        0.010790000000000003,
        0.40984000000000004,
        0,
        -8.723869999999998,
        0.31968000000000008,
        2.5390799999999998,
        1
      ],
      "name": "Lamp.002"
    },
    {
      "name": "Lamp.002"
    },
    {
      "children": [
        8
      ],
      "matrix": [
        0.10863000000000002,
        0.17008000000000001,
        -0.97941999999999996,
        0,
        -0.91735,
        0.39671000000000006,
        -0.032860000000000007,
        0,
        0.38296000000000008,
        0.90205000000000002,
        0.19912000000000002,
        0,
        3.0163099999999998,
        6.5868700000000002,
        -0.40078000000000003,
        1
      ],
      "name": "Lamp.000"
    },
    {
      "name": "Lamp.000"
    },
    {
      "children": [
        10
      ],
      "matrix": [
        -0.77832000000000001,
        0.26268999999999998,
        0.57027000000000005,
        0,
        -0.62782000000000016,
        -0.31468000000000007,
        -0.71191000000000004,
        0,
        -0.0075600000000000025,
        -0.91213,
        0.40984000000000004,
        0,
        -0.13025,
        -8.1265199999999993,
        5.9038600000000008,
        1
      ],
      "name": "Lamp.001"
    },
    {
      "name": "Lamp.001"
    },
    {
      "children": [
        12,
        13
      ],
      "matrix": [
        1.1495,
        -0,
        -0,
        0,
        0,
        0.029310000000000006,
        1.1491199999999999,
        0,
        -0,
        -1.1491199999999999,
        0.029310000000000006,
        0,
        0.029220000000000003,
        2.10507,
        0.29396000000000005,
        1
      ],
      "name": "Armature"
    },
    {
      "name": "Armature_rootJoint"
    },
    {
      "children": [
        14
      ],
      "matrix": [
        -0.70888000000000007,
        -0.003020000000000001,
        0.0022300000000000006,
        0,
        -0.0029800000000000009,
        0.70877000000000012,
        0.012780000000000003,
        0,
        -0.0022800000000000008,
        0.012770000000000004,
        -0.70877000000000012,
        0,
        -0.020600000000000004,
        -0.032740000000000005,
        3.8886599999999998,
        1
      ],
      "name": "Bee"
    },
    {
      "mesh": 0,
      "name": "Bee_0"
    }
  ],
  "samplers": [
    {
      "magFilter": 9729,
      "minFilter": 9987,
      "wrapS": 10497,
      "wrapT": 10497
    }
  ],
  "scene": 0,
  "scenes": [
    {
      "name": "OSG_Scene",
      "nodes": [
        0
      ]
    }
  ],
  "skins": [
    {
      "inverseBindMatrices": 5,
      "joints": [
        12
      ],
      "skeleton": 12
    }
  ],
  "textures": [
    {
      "sampler": 0,
      "source": 0
    }
  ]
}

